-9211.76 -5684.04
5749.87 -9887.72
-9723.27 4792.75
5921.61 9496.82
3823.87 -6548.37
8100.48 -1620.88
2089.83 -1320.36
5741.51 3870.44
6703.69 -1587.48
9045.77 6919.41
8563 4249.44
8761.88 -2081.4
8019.42 -7220.24
4331.89 8307.55
-6919.89 4500.93
7681.38 5386.61
-2323.05 -8151.17
2945.23 -9626.16
3584.13 3543.35
1276.56 -571.28
6991.97 6460.2
-8456.64 -1370.83
4649.25 6169.09
6327.37 -5123.76
-4693.42 6757.41
-2920.69 -6734.68
-1047.57 8053.5
6976.6 -8189.72
5435.96 -8564.73
1089.36 4650.7
2900.27 -2957.42
-9752.51 9282.95
6067.44 -3386.98
1743.98 -8923.6
-2469.82 764.79
6060.27 -4804.77
7239.33 -3855.52
4132.21 -5520.48
5479.78 -6936.46
3167.05 8619.28
-8888.74 -5699.8
-4003.3 7692.69
9487.64 -1515.03
7314.73 5366.03
5834.2 -8988.14
-2221.11 -355.64
-4603.87 -9076.93
1880.53 -4933.28
-7954.6 -5899.93
-6712.73 -1493.12
-4406.32 -2371.44
674.57 -2916.62
-8044.92 5971.37
7252.84 -7201.44
2305.53 7790.67
-5067.29 -4061.37
1579.72 -6981.13
9012.33 8303.79
7177.76 -9354.88
7311.56 2415.48
-4502.1 9260.59
118.7 4984.42
-3889.42 4923.38
4302.99 -4587.49
3970.48 1617.66
8802.15 -7837.13
7432.52 1276.4
-610.68 1959.29
5177.85 -9789.55
-1378.72 -9950.8
-1630.61 -3443.29
-7678.23 -1362.21
-6305.03 3464.91
5560.65 9129.17
-9503.05 1588.93
9660.91 -5700.88
-9054.3 6714.37
-710.59 9284.25
-6676.67 -6097.96
6412.94 -6156.36
-7981.94 6783.2
2804.04 7946.98
2077.15 2853.09
2242.01 7877.74
3563.94 3927.39
3717.4 -6039.42
5346.93 -5159.78
-122.8 6876.56
6931.46 4486.68
8503.96 -5411.43
-248.22 -2847.13
-2644.43 493.47
3575.14 -3374.55
1575.71 -700.36
6715.51 4951.36
5095.22 -8286.17
899.1 -6103.1
26.29 6895.5
-771.77 3909.16
